[position]
latitude=43.50779
longitude=1.209381